 
$GPGSV,3,1,12,02,10,061,,07,07,322,,08,18,294,22,10,40,161,30,0*6D
$GPGSV,3,2,12,13,01,035,,15,09,061,17,16,66,258,21,18,48,054,25,0*66
$GPGSV,3,3,12,23,55,110,29,26,46,190,20,27,52,302,21,29,02,103,,0*6B
$GLGSV,3,1,09,69,16,026,21,70,30,092,,71,09,139,,75,21,197,22,0*78
$GLGSV,3,2,09,76,51,262,22,77,28,322,,85,48,042,19,86,61,309,15,0*73
$GLGSV,3,3,09,87,11,266,22,,,,,,,,,,,,,0*4D
$GNRMC,161829.00,A,4537.2695,N,01348.2278,E,0.4,83.7,140323,,,A,V*0C
$GNVTG,83.7,T,,M,0.4,N,0.7,K,A*2C
$GNZDA,161829.00,14,03,2023,,*78
$GPGGA,161830.00,4537.2694,N,01348.2275,E,1,07,1.2,62.9,M,44.6,M,,*5E
$GNGLL,4537.2694,N,01348.2275,E,161830.00,A,A*7A
$GNGSA,A,3,08,10,16,18,23,27,,,,,,,2.5,1.2,2.1,1*35
$GNGSA,A,3,75,,,,,,,,,,,,2.5,1.2,2.1,2*37
$GPGSV,3,1,12,02,10,061,,07,07,322,,08,18,294,22,10,40,161,30,0*6D
$GPGSV,3,2,12,13,01,035,,15,09,061,13,16,66,258,21,18,48,054,26,0*61
$GPGSV,3,3,12,23,55,110,29,26,46,190,17,27,52,302,23,29,02,103,,0*6D
$GLGSV,3,1,09,69,16,026,18,70,30,092,,71,09,139,,75,21,196,21,0*70
$GLGSV,3,2,09,76,51,262,22,77,28,322,,85,48,042,21,86,61,309,17,0*7A
$GLGSV,3,3,09,87,11,266,20,,,,,,,,,,,,,0*4F
$GNRMC,161830.00,A,4537.2694,N,01348.2275,E,0.4,229.7,140323,,,A,V*3A
$GNVTG,229.7,T,,M,0.4,N,0.8,K,A*11
$GNZDA,161830.00,14,03,2023,,*70
$GPGGA,161831.00,4537.2692,N,01348.2276,E,1,07,1.2,63.1,M,44.6,M,,*53
$GNGLL,4537.2692,N,01348.2276,E,161831.00,A,A*7E
$GNGSA,A,3,08,10,16,18,23,27,,,,,,,2.5,1.2,2.1,1*35
$GNGSA,A,3,75,,,,,,,,,,,,2.5,1.2,2.1,2*37
$GPGSV,3,1,12,02,10,061,,07,07,322,,08,18,294,22,10,40,161,30,0*6D
$GPGSV,3,2,12,13,01,035,,15,09,061,07,16,66,258,21,18,48,054,26,0*64
$GPGSV,3,3,12,23,55,110,29,26,46,190,14,27,52,302,23,29,02,103,,0*6E
$GLGSV,3,1,09,69,16,026,19,70,30,092,,71,09,139,,75,21,196,22,0*72
$GLGSV,3,2,09,76,51,262,23,77,28,322,,85,48,042,23,86,61,309,18,0*76
$GLGSV,3,3,09,87,11,266,20,,,,,,,,,,,,,0*4F
$GNRMC,161831.00,A,4537.2692,N,01348.2276,E,0.0,229.7,140323,,,A,V*3A


45
37.2715 /60 +45
,
013
48.2314 /60 +13
45.6211961280307, 13.803472672607656
